<html>
<head><meta charset="utf-8" /></head>
<body>
    <div>                        <script type="text/javascript">window.PlotlyConfig = {MathJaxConfig: 'local'};</script>
        <script src="https://cdn.plot.ly/plotly-2.9.0.min.js"></script>                <div id="0a655f7a-f5b7-4a52-b8c4-414f9e505465" class="plotly-graph-div" style="height:100%; width:100%;"></div>            <script type="text/javascript">                                    window.PLOTLYENV=window.PLOTLYENV || {};                                    if (document.getElementById("0a655f7a-f5b7-4a52-b8c4-414f9e505465")) {                    Plotly.newPlot(                        "0a655f7a-f5b7-4a52-b8c4-414f9e505465",                        [{"hoverongaps":false,"x":["YearBuilt","MSSubClass","LotFrontage","LotArea","OverallQual","OverallCond","YearRemodAdd","MasVnrArea","BsmtFinSF1","BsmtFinSF2","BsmtUnfSF","TotalBsmtSF","1stFlrSF","2ndFlrSF","LowQualFinSF","GrLivArea","BsmtFullBath","BsmtHalfBath","FullBath","HalfBath","BedroomAbvGr","KitchenAbvGr","TotRmsAbvGrd","Fireplaces","GarageYrBlt","GarageCars","GarageArea","WoodDeckSF","OpenPorchSF","EnclosedPorch","3SsnPorch","ScreenPorch","PoolArea","MiscVal","MoSold","YrSold","SalePrice","AvgSalePrice"],"y":["YearBuilt","MSSubClass","LotFrontage","LotArea","OverallQual","OverallCond","YearRemodAdd","MasVnrArea","BsmtFinSF1","BsmtFinSF2","BsmtUnfSF","TotalBsmtSF","1stFlrSF","2ndFlrSF","LowQualFinSF","GrLivArea","BsmtFullBath","BsmtHalfBath","FullBath","HalfBath","BedroomAbvGr","KitchenAbvGr","TotRmsAbvGrd","Fireplaces","GarageYrBlt","GarageCars","GarageArea","WoodDeckSF","OpenPorchSF","EnclosedPorch","3SsnPorch","ScreenPorch","PoolArea","MiscVal","MoSold","YrSold","SalePrice","AvgSalePrice"],"z":[[1.0,0.02785013694670421,0.12334946703331613,0.014227651757028155,0.5723227689623568,-0.37598319560699,0.5928549763436155,0.3157070624361977,0.2495031966848018,-0.04910683119623509,0.14904039195439708,0.3914520020660981,0.28198585869980347,0.010307659584356978,-0.18378434437372432,0.19900971367645298,0.18759854999714615,-0.038161805671230196,0.4682707871726679,0.24265591024106417,-0.07065121690472992,-0.17480024561497515,0.0955891282979494,0.14771639941245587,0.8256674841743268,0.5378500917111031,0.47895381989349173,0.2248801423039981,0.18868584000173044,-0.3872677829280802,0.031354513064364625,-0.050364434538609844,0.004949727615944664,-0.03438313873672166,0.012398470595444478,-0.013617680001842167,0.5228973328794949,0.7886568291993566],[0.02785013694670421,1.0,-0.38634688534492906,-0.13978108172014603,0.03262770752184173,-0.059315817084105125,0.040581044784061264,0.02293628589419737,-0.06983574916710053,-0.06564857918852408,-0.1407594808350113,-0.23851840931511847,-0.2517583518783795,0.3078857207598593,0.04647375589951721,0.07485317965779993,0.0034910257790447836,-0.0023325345518023866,0.1316082224102817,0.17735438864391645,-0.02343802846062708,0.2817210402648816,0.04038006478367606,-0.045569340274569346,0.085071869506644,-0.04010979313578357,-0.09867154319256423,-0.01257935824921943,-0.006100121231942151,-0.012036621902094676,-0.04382454917560837,-0.026030176699806666,0.008282707579624403,-0.007683291329865952,-0.013584643238322248,-0.021407037851160857,-0.08428413512659477,0.008534123574546297],[0.12334946703331613,-0.38634688534492906,1.0,0.42609501877180755,0.25164577548061334,-0.0592134500052476,0.08886557249206761,0.19345806055826878,0.23363316701975584,0.04989967669098941,0.13264374162493403,0.3920745763791732,0.45718100199465556,0.08017727062420481,0.03846853432895931,0.4027974140853193,0.10094856694926889,-0.007234304524918174,0.19876867789737881,0.05353185497960632,0.2631699158810587,-0.006068830161309584,0.35209594766022484,0.2666394825603031,0.07024978191661782,0.2856909246851014,0.344996724106483,0.0885209332894084,0.1519722276806072,0.010700336638881928,0.07002922773085397,0.041382790675005866,0.20616677527607677,0.003367556596191181,0.011199954759134274,0.0074495892096794756,0.35179909657067854,0.18835983647893084],[0.014227651757028155,-0.13978108172014603,0.42609501877180755,1.0,0.10580574175496468,-0.005636270274099391,0.013788427078155797,0.10415982154021251,0.2141031307055773,0.11116974549624858,-0.002618359950095331,0.26083313454515805,0.2994745785077635,0.050985948293493795,0.004778969866349558,0.2631161671671484,0.15815453106001479,0.04804557088829681,0.12603062651964395,0.014259468566431916,0.11968990815131553,-0.017783870504841856,0.1900147776254102,0.271364009624543,-0.02494741866564348,0.15487073975354074,0.18040275515111678,0.1716976872571126,0.08477380884021651,-0.018339733672212408,0.020422829586133364,0.04316037769525198,0.0776723918801744,0.038067692019183315,0.0012049882225877789,-0.014261407298536451,0.2638433538714055,0.04135300793404469],[0.5723227689623568,0.03262770752184173,0.25164577548061334,0.10580574175496468,1.0,-0.09193234263907206,0.550683924194154,0.4118756672776829,0.23966596617889166,-0.05911869267068959,0.30815892690564345,0.5378084986123916,0.4762238290781769,0.2954928791997089,-0.030429283979604732,0.5930074300286484,0.11109778614230247,-0.040150157669988154,0.5505997093682526,0.2734580986427698,0.10167635624178514,-0.18388223454921956,0.4274523432779874,0.39676503795208995,0.547765844835165,0.6006707165907138,0.5620217566126079,0.238923392249186,0.3088188233594514,-0.11393685859568059,0.03037056713526458,0.06488636049351594,0.0651658436058918,-0.03140621050074625,0.07081517178517428,-0.027346708327854588,0.790981600583804,0.7026511702415703],[-0.37598319560699,-0.059315817084105125,-0.0592134500052476,-0.005636270274099391,-0.09193234263907206,1.0,0.07374149814531235,-0.1281011991656892,-0.0462308559182258,0.04022916989976763,-0.13684056989352245,-0.17109751462492284,-0.14420278404905937,0.02894211596581682,0.0254943199142141,-0.07968586538833797,-0.05494151543295267,0.11782091508139311,-0.1941494887493036,-0.06076932676159548,0.01298006009455095,-0.08700085543638096,-0.05758316611286485,-0.023819977761662645,-0.324296732529394,-0.1857575105783646,-0.1515213705702303,-0.0033336992893863077,-0.03258881352158547,0.07035618448230417,0.025503660024132176,0.054810528786115184,-0.00198494226818435,0.06877680605725019,-0.0035108385999405014,0.043949745692468394,-0.07785589404867893,-0.31437024461509194],[0.5928549763436155,0.040581044784061264,0.08886557249206761,0.013788427078155797,0.550683924194154,0.07374149814531235,1.0,0.17961837073551642,0.1284505471282812,-0.06775851356598364,0.1811330870501636,0.29106558260415377,0.2403792676035472,0.14002377880486425,-0.06241910007832745,0.28738851965032663,0.11946987911123626,-0.012337032127796408,0.439046483872334,0.18333061171852663,-0.04058092806774829,-0.14959752104274146,0.19173981629280323,0.11258131843947145,0.6422767797035338,0.42062215494320027,0.37159980949729415,0.20572592049009697,0.22629763268298478,-0.19391914709919533,0.04528580981497681,-0.038740010742607606,0.005829372037107247,-0.010286248783080034,0.021490002226877296,0.035743247121244506,0.5071009671113721,0.6448734066930525],[0.3157070624361977,0.02293628589419737,0.19345806055826878,0.10415982154021251,0.4118756672776829,-0.1281011991656892,0.17961837073551642,1.0,0.264736264713868,-0.07231884820335809,0.1144420623138081,0.36393622177447277,0.3445007468899245,0.1745614734574276,-0.06907085606589274,0.3908566397384381,0.08530982868972821,0.0266728281551029,0.27683284723698753,0.2014439469296777,0.10282115127801678,-0.037610251819869704,0.280681694608506,0.24906961283714316,0.25269077499033743,0.36420364006986483,0.37306648160023603,0.15971813436595403,0.1257027966825028,-0.11020383387243488,0.01879551529491405,0.0614655431873217,0.011723061213266698,-0.029815393585278783,-0.005964715509114102,-0.008201030967091471,0.4774930470957152,0.31120357733083337],[0.2495031966848018,-0.06983574916710053,0.23363316701975584,0.2141031307055773,0.23966596617889166,-0.0462308559182258,0.1284505471282812,0.264736264713868,1.0,-0.05011740004715116,-0.495251469257012,0.522396051992386,0.4458626560920054,-0.1370789860800537,-0.0645025969214685,0.2081711301453271,0.6492117535742659,0.0674184779101172,0.058543136861595124,0.004262424384487029,-0.10735467682307075,-0.08100685077857495,0.04431562391292061,0.26001092023504047,0.15348409802676938,0.22405352239399112,0.29697038534451314,0.20430614523740284,0.11176061335675092,-0.10230330550073174,0.02645050618989896,0.062020622665350016,0.14049128625495685,0.0035714734749546857,-0.01572694826215418,0.01435892239387021,0.3864198062421533,0.19649388024973932],[-0.04910683119623509,-0.06564857918852408,0.04989967669098941,0.11116974549624858,-0.05911869267068959,0.04022916989976763,-0.06775851356598364,-0.07231884820335809,-0.05011740004715116,1.0,-0.20929449241994527,0.10480953760636816,0.09711744845667043,-0.09926031602264423,0.014806997946833706,-0.009639891551805295,0.15867806078170132,0.0709481336559045,-0.07644386196518266,-0.0321478374689658,-0.015728113626580942,-0.040751236448408085,-0.035226547947522835,0.046920708826012014,-0.08801081541220476,-0.03826351286925157,-0.01822659190731659,0.06789832641361229,0.003092562209894339,0.036543339448210144,-0.029993397993921013,0.08887125137339051,0.04170905468133366,0.004939781228437745,-0.0152107379720067,0.03170563698488697,-0.011378121450215287,-0.09452870241595289],[0.14904039195439708,-0.1407594808350113,0.13264374162493403,-0.002618359950095331,0.30815892690564345,-0.13684056989352245,0.1811330870501636,0.1144420623138081,-0.495251469257012,-0.20929449241994527,1.0,0.4153596051815889,0.3179874383527257,0.004469092144542626,0.028166688132741178,0.24025726834993477,-0.42290047738321285,-0.09580428815248317,0.2888860554869105,-0.04111753014455147,0.1666433169869625,0.03008586831400176,0.25064706137624876,0.0515748822895419,0.190708273458942,0.21417518975021746,0.18330269774258393,-0.005316424333061806,0.12900541461542123,-0.002537854589751372,0.020764005696547894,-0.012579273444256788,-0.035092240793657914,-0.02383664513450779,0.03488844300908236,-0.041258194938727816,0.2144791055469686,0.2846077678141437],[0.3914520020660981,-0.23851840931511847,0.3920745763791732,0.26083313454515805,0.5378084986123916,-0.17109751462492284,0.29106558260415377,0.36393622177447277,0.522396051992386,0.10480953760636816,0.4153596051815889,1.0,0.8195299750050323,-0.17451195013496046,-0.03324538734745645,0.45486820254790217,0.3073505537355033,-0.00031458181983384743,0.32372241360664994,-0.04880373863521205,0.050449955512677516,-0.06890064264201566,0.28557256372579376,0.33951932389865636,0.3224451736794718,0.43458483429168887,0.48666546377379605,0.23201860912901823,0.24726374628810815,-0.0954777367064076,0.0373837272630049,0.08448898591431156,0.12605313210083754,-0.018478922431472075,0.013196178616779228,-0.014968648018760597,0.6135805515591949,0.45618308866877005],[0.28198585869980347,-0.2517583518783795,0.45718100199465556,0.2994745785077635,0.4762238290781769,-0.14420278404905937,0.2403792676035472,0.3445007468899245,0.4458626560920054,0.09711744845667043,0.3179874383527257,0.8195299750050323,1.0,-0.20264618100232132,-0.014240672666430925,0.5660239689357472,0.2446711042477102,0.0019556535820488075,0.380637494973507,-0.11991590879396175,0.12740074939236393,0.06810058817691388,0.40951597886683133,0.4105310846598464,0.23344909271486128,0.4393168079906693,0.4897816541041912,0.23545862278369792,0.21167122549798417,-0.06529170091030856,0.05610437448487527,0.08875807262015678,0.1315249756402826,-0.02109571946312227,0.03137156035207963,-0.013603770504643488,0.6058521846919135,0.36003480507680746],[0.010307659584356978,0.3078857207598593,0.08017727062420481,0.050985948293493795,0.2954928791997089,0.02894211596581682,0.14002377880486425,0.1745614734574276,-0.1370789860800537,-0.09926031602264423,0.004469092144542626,-0.17451195013496046,-0.20264618100232132,1.0,0.06335295010932289,0.6875010641666032,-0.16949395173099888,-0.023854783937045303,0.4213779828759717,0.609707300271744,0.5029006133459062,0.059305752648216616,0.6164226354915432,0.19456089224132359,0.07083233971737853,0.18392558307637977,0.13834695857186666,0.09216541758603876,0.20802606318135783,0.061988690773252364,-0.02435764842204784,0.040606447641001,0.08148687804909943,0.01619687460438847,0.035164427361791,-0.028699913935372332,0.31933380283206697,0.16053758951006558],[-0.18378434437372432,0.04647375589951721,0.03846853432895931,0.004778969866349558,-0.030429283979604732,0.0254943199142141,-0.06241910007832745,-0.06907085606589274,-0.0645025969214685,0.014806997946833706,0.028166688132741178,-0.03324538734745645,-0.014240672666430925,0.06335295010932289,1.0,0.13468281300660118,-0.04714342189825919,-0.0058415048193116055,-0.0007095096206727838,-0.02708004931716946,0.10560656854090539,0.007521744344233992,0.13118477598954786,-0.021272143413938776,-0.036363234042333076,-0.09447952015593249,-0.06760141323952203,-0.025443647988791097,0.018251039053999028,0.06108123777122667,-0.004295610410300111,0.026799413021772463,0.06215737226918908,-0.003792870779996457,-0.022173960579538042,-0.028920879782302768,-0.025606130000679565,-0.07556251702669031],[0.19900971367645298,0.07485317965779993,0.4027974140853193,0.2631161671671484,0.5930074300286484,-0.07968586538833797,0.28738851965032663,0.3908566397384381,0.2081711301453271,-0.009639891551805295,0.24025726834993477,0.45486820254790217,0.5660239689357472,0.6875010641666032,0.13468281300660118,1.0,0.034836049544905316,-0.01891848317063463,0.630011646251115,0.4157716361052656,0.5212695109189959,0.10006316473775625,0.8254893743088427,0.4616791337614469,0.23119674063336082,0.46724741879518583,0.46899747732296476,0.24743282051884802,0.33022396171199975,0.009113210326004076,0.020643189710186364,0.101510395682086,0.17020533600056176,-0.002415639550293498,0.050239680818273146,-0.036525819624791636,0.7086244776126502,0.3912423523832949],[0.18759854999714615,0.0034910257790447836,0.10094856694926889,0.15815453106001479,0.11109778614230247,-0.05494151543295267,0.11946987911123626,0.08530982868972821,0.6492117535742659,0.15867806078170132,-0.42290047738321285,0.3073505537355033,0.2446711042477102,-0.16949395173099888,-0.04714342189825919,0.034836049544905316,1.0,-0.14787096054760168,-0.06451204863131553,-0.030904959142533266,-0.15067280920795625,-0.04150254643148303,-0.05327523612339721,0.13792770842719818,0.12455252442364294,0.13188122440619415,0.17918948042023117,0.17531519007972213,0.06734146137698185,-0.04991064908375313,-0.00010609153998397233,0.02314772576357383,0.06761555618047506,-0.0230470248686169,-0.02536089431525958,0.06704913767137906,0.22712223313149385,0.12520564652516739],[-0.038161805671230196,-0.0023325345518023866,-0.007234304524918174,0.04804557088829681,-0.040150157669988154,0.11782091508139311,-0.012337032127796408,0.0266728281551029,0.0674184779101172,0.0709481336559045,-0.09580428815248317,-0.00031458181983384743,0.0019556535820488075,-0.023854783937045303,-0.0058415048193116055,-0.01891848317063463,-0.14787096054760168,1.0,-0.05453581198363563,-0.01233990005227557,0.046518848389950664,-0.0379443502272013,-0.023836341262220267,0.028975586646259762,-0.0774636123807061,-0.020891058996878802,-0.024535579578879477,0.0401612232595345,-0.025323757889057785,-0.008555333868577925,0.035113630886772385,0.032121407209083505,0.020024629838516956,-0.007366524543625401,0.0328727052340906,-0.046523881774020115,-0.01684415429735914,-0.06826433710758874],[0.4682707871726679,0.1316082224102817,0.19876867789737881,0.12603062651964395,0.5505997093682526,-0.1941494887493036,0.439046483872334,0.27683284723698753,0.058543136861595124,-0.07644386196518266,0.2888860554869105,0.32372241360664994,0.380637494973507,0.4213779828759717,-0.0007095096206727838,0.630011646251115,-0.06451204863131553,-0.05453581198363563,1.0,0.1363805887491446,0.3632519830232774,0.13311521419604103,0.5547842535334837,0.2436705030799118,0.4845573867195182,0.46967204326762635,0.40565620845400957,0.18770321383582791,0.25997742546824887,-0.11509296346134142,0.035353016583852856,-0.008106093328111703,0.049603825584033846,-0.014289844970847988,0.05587212899172415,-0.01966884069158811,0.5606637627484454,0.5338420887664678],[0.24265591024106417,0.17735438864391645,0.05353185497960632,0.014259468566431916,0.2734580986427698,-0.06076932676159548,0.18333061171852663,0.2014439469296777,0.004262424384487029,-0.0321478374689658,-0.04111753014455147,-0.04880373863521205,-0.11991590879396175,0.609707300271744,-0.02708004931716946,0.4157716361052656,-0.030904959142533266,-0.01233990005227557,0.1363805887491446,1.0,0.22665148415094385,-0.06826254889694117,0.3434148575409174,0.20364850809521867,0.1967851758058547,0.2191781521671606,0.16354936401660686,0.10808030267536352,0.1997401475127923,-0.09531652573608969,-0.004972488417316036,0.07242584517038074,0.02238149805540993,0.0012901448492839884,-0.009049888212649853,-0.010268668868182547,0.28410767559478267,0.24997322998217514],[-0.07065121690472992,-0.02343802846062708,0.2631699158810587,0.11968990815131553,0.10167635624178514,0.01298006009455095,-0.04058092806774829,0.10282115127801678,-0.10735467682307075,-0.015728113626580942,0.1666433169869625,0.050449955512677516,0.12740074939236393,0.5029006133459062,0.10560656854090539,0.5212695109189959,-0.15067280920795625,0.046518848389950664,0.3632519830232774,0.22665148415094385,1.0,0.19859675770713334,0.6766199357426504,0.10756968099132355,-0.06451843698439001,0.08610643768835223,0.06525252989881547,0.046853773069893544,0.09380957160591423,0.041570434519598916,-0.02447779636611436,0.044299691127134735,0.07070258356547462,0.007766971998717689,0.04654385993628215,-0.036013892833775644,0.1682131543007392,-0.015561530246027888],[-0.17480024561497515,0.2817210402648816,-0.006068830161309584,-0.017783870504841856,-0.18388223454921956,-0.08700085543638096,-0.14959752104274146,-0.037610251819869704,-0.08100685077857495,-0.040751236448408085,0.03008586831400176,-0.06890064264201566,0.06810058817691388,0.059305752648216616,0.007521744344233992,0.10006316473775625,-0.04150254643148303,-0.0379443502272013,0.13311521419604103,-0.06826254889694117,0.19859675770713334,1.0,0.2560454085359504,-0.123936235296897,-0.12441140157001522,-0.05063389240221597,-0.06443304718314287,-0.09013027267903427,-0.07009060989258489,0.037312385032969464,-0.024600358690531687,-0.05161336606147987,-0.014525116015980987,0.06234072400437908,0.02658890723091535,0.031687206500632156,-0.1359073708421394,-0.15635508155406605],[0.0955891282979494,0.04038006478367606,0.35209594766022484,0.1900147776254102,0.4274523432779874,-0.05758316611286485,0.19173981629280323,0.280681694608506,0.04431562391292061,-0.035226547947522835,0.25064706137624876,0.28557256372579376,0.40951597886683133,0.6164226354915432,0.13118477598954786,0.8254893743088427,-0.05327523612339721,-0.023836341262220267,0.5547842535334837,0.3434148575409174,0.6766199357426504,0.2560454085359504,1.0,0.3261144801772016,0.1481117155859633,0.3622885708147733,0.3378221206368368,0.16598388371493233,0.23419158783159824,0.004151299023857165,-0.006683241010939496,0.05938259955941121,0.08375734951492453,0.024762884163584322,0.03690707715984463,-0.0345163543022289,0.5337231555820267,0.2715924980906679],[0.14771639941245587,-0.045569340274569346,0.2666394825603031,0.271364009624543,0.39676503795208995,-0.023819977761662645,0.11258131843947145,0.24906961283714316,0.26001092023504047,0.046920708826012014,0.0515748822895419,0.33951932389865636,0.4105310846598464,0.19456089224132359,-0.021272143413938776,0.4616791337614469,0.13792770842719818,0.028975586646259762,0.2436705030799118,0.20364850809521867,0.10756968099132355,-0.123936235296897,0.3261144801772016,1.0,0.046821648401902484,0.3007887663013558,0.26914123807387286,0.20001879575902365,0.1694053271312016,-0.02482186853706832,0.01125723899277488,0.18453026951684853,0.09507352203619868,0.0014086054430451527,0.04635710249772001,-0.024095564980702363,0.4669288367515277,0.1922465507765841],[0.8256674841743268,0.085071869506644,0.07024978191661782,-0.02494741866564348,0.547765844835165,-0.324296732529394,0.6422767797035338,0.25269077499033743,0.15348409802676938,-0.08801081541220476,0.190708273458942,0.3224451736794718,0.23344909271486128,0.07083233971737853,-0.036363234042333076,0.23119674063336082,0.12455252442364294,-0.0774636123807061,0.4845573867195182,0.1967851758058547,-0.06451843698439001,-0.12441140157001522,0.1481117155859633,0.046821648401902484,1.0,0.588920007004699,0.5645670607230583,0.22457699198792824,0.2284245787719793,-0.2970026030557265,0.023543689573664563,-0.07541751376190642,-0.01450067856370668,-0.0324174578212618,0.005337025760369933,-0.0010142778715822858,0.48636167748785963,0.7597874738954968],[0.5378500917111031,-0.04010979313578357,0.2856909246851014,0.15487073975354074,0.6006707165907138,-0.1857575105783646,0.42062215494320027,0.36420364006986483,0.22405352239399112,-0.03826351286925157,0.21417518975021746,0.43458483429168887,0.4393168079906693,0.18392558307637977,-0.09447952015593249,0.46724741879518583,0.13188122440619415,-0.020891058996878802,0.46967204326762635,0.2191781521671606,0.08610643768835223,-0.05063389240221597,0.3622885708147733,0.3007887663013558,0.588920007004699,1.0,0.8824754142814617,0.22634213846985948,0.21356944558969165,-0.15143416002683643,0.035765285146453746,0.05049379192719852,0.020933531041465347,-0.04308012810223052,0.040521730128252685,-0.039116904112869305,0.640409197258351,0.5805543467582897],[0.47895381989349173,-0.09867154319256423,0.344996724106483,0.18040275515111678,0.5620217566126079,-0.1515213705702303,0.37159980949729415,0.37306648160023603,0.29697038534451314,-0.01822659190731659,0.18330269774258393,0.48666546377379605,0.4897816541041912,0.13834695857186666,-0.06760141323952203,0.46899747732296476,0.17918948042023117,-0.024535579578879477,0.40565620845400957,0.16354936401660686,0.06525252989881547,-0.06443304718314287,0.3378221206368368,0.26914123807387286,0.5645670607230583,0.8824754142814617,1.0,0.22466630717876362,0.24143467213808711,-0.12177671956100337,0.03508670020815977,0.05141176244520852,0.061047271702060014,-0.0273999144126249,0.027973799823541392,-0.027377940418578148,0.6234314389183604,0.5394219983710713],[0.2248801423039981,-0.01257935824921943,0.0885209332894084,0.1716976872571126,0.238923392249186,-0.0033336992893863077,0.20572592049009697,0.15971813436595403,0.20430614523740284,0.06789832641361229,-0.005316424333061806,0.23201860912901823,0.23545862278369792,0.09216541758603876,-0.025443647988791097,0.24743282051884802,0.17531519007972213,0.0401612232595345,0.18770321383582791,0.10808030267536352,0.046853773069893544,-0.09013027267903427,0.16598388371493233,0.20001879575902365,0.22457699198792824,0.22634213846985948,0.22466630717876362,1.0,0.05866060856588757,-0.12598888803760058,-0.03277063359357437,-0.07418135123983215,0.07337820695645397,-0.009551228238372497,0.02101104429429777,0.022270451009208714,0.3244134445681298,0.21656521591287323],[0.18868584000173044,-0.006100121231942151,0.1519722276806072,0.08477380884021651,0.3088188233594514,-0.03258881352158547,0.22629763268298478,0.1257027966825028,0.11176061335675092,0.003092562209894339,0.12900541461542123,0.24726374628810815,0.21167122549798417,0.20802606318135783,0.018251039053999028,0.33022396171199975,0.06734146137698185,-0.025323757889057785,0.25997742546824887,0.1997401475127923,0.09380957160591423,-0.07009060989258489,0.23419158783159824,0.1694053271312016,0.2284245787719793,0.21356944558969165,0.24143467213808711,0.05866060856588757,1.0,-0.09307931750864892,-0.005842499340135713,0.07430394385024307,0.060762111489925774,-0.018583738987649312,0.0712548847586897,-0.05761936014212947,0.31585622711605515,0.2882148120040707],[-0.3872677829280802,-0.012036621902094676,0.010700336638881928,-0.018339733672212408,-0.11393685859568059,0.07035618448230417,-0.19391914709919533,-0.11020383387243488,-0.10230330550073174,0.036543339448210144,-0.002537854589751372,-0.0954777367064076,-0.06529170091030856,0.061988690773252364,0.06108123777122667,0.009113210326004076,-0.04991064908375313,-0.008555333868577925,-0.11509296346134142,-0.09531652573608969,0.041570434519598916,0.037312385032969464,0.004151299023857165,-0.02482186853706832,-0.2970026030557265,-0.15143416002683643,-0.12177671956100337,-0.12598888803760058,-0.09307931750864892,1.0,-0.037305282788045985,-0.08286424483260348,0.054202562292139586,0.018360600139447618,-0.028887265707143017,-0.009915936955566938,-0.1285779579259562,-0.24595136785770955],[0.031354513064364625,-0.04382454917560837,0.07002922773085397,0.020422829586133364,0.03037056713526458,0.025503660024132176,0.04528580981497681,0.01879551529491405,0.02645050618989896,-0.029993397993921013,0.020764005696547894,0.0373837272630049,0.05610437448487527,-0.02435764842204784,-0.004295610410300111,0.020643189710186364,-0.00010609153998397233,0.035113630886772385,0.035353016583852856,-0.004972488417316036,-0.02447779636611436,-0.024600358690531687,-0.006683241010939496,0.01125723899277488,0.023543689573664563,0.035765285146453746,0.03508670020815977,-0.03277063359357437,-0.005842499340135713,-0.037305282788045985,1.0,-0.03143584703909568,-0.007991548872868917,0.0003539652779394052,0.029473795249940222,0.018644925404726544,0.04458366533574837,0.052203099821250695],[-0.050364434538609844,-0.026030176699806666,0.041382790675005866,0.04316037769525198,0.06488636049351594,0.054810528786115184,-0.038740010742607606,0.0614655431873217,0.062020622665350016,0.08887125137339051,-0.012579273444256788,0.08448898591431156,0.08875807262015678,0.040606447641001,0.026799413021772463,0.101510395682086,0.02314772576357383,0.032121407209083505,-0.008106093328111703,0.07242584517038074,0.044299691127134735,-0.05161336606147987,0.05938259955941121,0.18453026951684853,-0.07541751376190642,0.05049379192719852,0.05141176244520852,-0.07418135123983215,0.07430394385024307,-0.08286424483260348,-0.03143584703909568,1.0,0.05130739451790543,0.03194576077490814,0.023216991793307,0.010694106003785146,0.11144657114291104,-0.028895589264916588],[0.004949727615944664,0.008282707579624403,0.20616677527607677,0.0776723918801744,0.0651658436058918,-0.00198494226818435,0.005829372037107247,0.011723061213266698,0.14049128625495685,0.04170905468133366,-0.035092240793657914,0.12605313210083754,0.1315249756402826,0.08148687804909943,0.06215737226918908,0.17020533600056176,0.06761555618047506,0.020024629838516956,0.049603825584033846,0.02238149805540993,0.07070258356547462,-0.014525116015980987,0.08375734951492453,0.09507352203619868,-0.01450067856370668,0.020933531041465347,0.061047271702060014,0.07337820695645397,0.060762111489925774,0.054202562292139586,-0.007991548872868917,0.05130739451790543,1.0,0.029668650854021747,-0.03373664026279123,-0.059688931675284586,0.09240354949187296,0.028123944951976426],[-0.03438313873672166,-0.007683291329865952,0.003367556596191181,0.038067692019183315,-0.03140621050074625,0.06877680605725019,-0.010286248783080034,-0.029815393585278783,0.0035714734749546857,0.004939781228437745,-0.02383664513450779,-0.018478922431472075,-0.02109571946312227,0.01619687460438847,-0.003792870779996457,-0.002415639550293498,-0.0230470248686169,-0.007366524543625401,-0.014289844970847988,0.0012901448492839884,0.007766971998717689,0.06234072400437908,0.024762884163584322,0.0014086054430451527,-0.0324174578212618,-0.04308012810223052,-0.0273999144126249,-0.009551228238372497,-0.018583738987649312,0.018360600139447618,0.0003539652779394052,0.03194576077490814,0.029668650854021747,1.0,-0.00649455022128219,0.004906262452672524,-0.021189579640303248,-0.04317440772204835],[0.012398470595444478,-0.013584643238322248,0.011199954759134274,0.0012049882225877789,0.07081517178517428,-0.0035108385999405014,0.021490002226877296,-0.005964715509114102,-0.01572694826215418,-0.0152107379720067,0.03488844300908236,0.013196178616779228,0.03137156035207963,0.035164427361791,-0.022173960579538042,0.050239680818273146,-0.02536089431525958,0.0328727052340906,0.05587212899172415,-0.009049888212649853,0.04654385993628215,0.02658890723091535,0.03690707715984463,0.04635710249772001,0.005337025760369933,0.040521730128252685,0.027973799823541392,0.02101104429429777,0.0712548847586897,-0.028887265707143017,0.029473795249940222,0.023216991793307,-0.03373664026279123,-0.00649455022128219,1.0,-0.14572141267539593,0.04643224522382018,0.04084688523787775],[-0.013617680001842167,-0.021407037851160857,0.0074495892096794756,-0.014261407298536451,-0.027346708327854588,0.043949745692468394,0.035743247121244506,-0.008201030967091471,0.01435892239387021,0.03170563698488697,-0.041258194938727816,-0.014968648018760597,-0.013603770504643488,-0.028699913935372332,-0.028920879782302768,-0.036525819624791636,0.06704913767137906,-0.046523881774020115,-0.01966884069158811,-0.010268668868182547,-0.036013892833775644,0.031687206500632156,-0.0345163543022289,-0.024095564980702363,-0.0010142778715822858,-0.039116904112869305,-0.027377940418578148,0.022270451009208714,-0.05761936014212947,-0.009915936955566938,0.018644925404726544,0.010694106003785146,-0.059688931675284586,0.004906262452672524,-0.14572141267539593,1.0,-0.028922585168763754,-0.005051731651642815],[0.5228973328794949,-0.08428413512659477,0.35179909657067854,0.2638433538714055,0.790981600583804,-0.07785589404867893,0.5071009671113721,0.4774930470957152,0.3864198062421533,-0.011378121450215287,0.2144791055469686,0.6135805515591949,0.6058521846919135,0.31933380283206697,-0.025606130000679565,0.7086244776126502,0.22712223313149385,-0.01684415429735914,0.5606637627484454,0.28410767559478267,0.1682131543007392,-0.1359073708421394,0.5337231555820267,0.4669288367515277,0.48636167748785963,0.640409197258351,0.6234314389183604,0.3244134445681298,0.31585622711605515,-0.1285779579259562,0.04458366533574837,0.11144657114291104,0.09240354949187296,-0.021189579640303248,0.04643224522382018,-0.028922585168763754,1.0,0.6630226399108732],[0.7886568291993566,0.008534123574546297,0.18835983647893084,0.04135300793404469,0.7026511702415703,-0.31437024461509194,0.6448734066930525,0.31120357733083337,0.19649388024973932,-0.09452870241595289,0.2846077678141437,0.45618308866877005,0.36003480507680746,0.16053758951006558,-0.07556251702669031,0.3912423523832949,0.12520564652516739,-0.06826433710758874,0.5338420887664678,0.24997322998217514,-0.015561530246027888,-0.15635508155406605,0.2715924980906679,0.1922465507765841,0.7597874738954968,0.5805543467582897,0.5394219983710713,0.21656521591287323,0.2882148120040707,-0.24595136785770955,0.052203099821250695,-0.028895589264916588,0.028123944951976426,-0.04317440772204835,0.04084688523787775,-0.005051731651642815,0.6630226399108732,1.0]],"type":"heatmap"}],                        {"template":{"data":{"bar":[{"error_x":{"color":"#2a3f5f"},"error_y":{"color":"#2a3f5f"},"marker":{"line":{"color":"#E5ECF6","width":0.5},"pattern":{"fillmode":"overlay","size":10,"solidity":0.2}},"type":"bar"}],"barpolar":[{"marker":{"line":{"color":"#E5ECF6","width":0.5},"pattern":{"fillmode":"overlay","size":10,"solidity":0.2}},"type":"barpolar"}],"carpet":[{"aaxis":{"endlinecolor":"#2a3f5f","gridcolor":"white","linecolor":"white","minorgridcolor":"white","startlinecolor":"#2a3f5f"},"baxis":{"endlinecolor":"#2a3f5f","gridcolor":"white","linecolor":"white","minorgridcolor":"white","startlinecolor":"#2a3f5f"},"type":"carpet"}],"choropleth":[{"colorbar":{"outlinewidth":0,"ticks":""},"type":"choropleth"}],"contour":[{"colorbar":{"outlinewidth":0,"ticks":""},"colorscale":[[0.0,"#0d0887"],[0.1111111111111111,"#46039f"],[0.2222222222222222,"#7201a8"],[0.3333333333333333,"#9c179e"],[0.4444444444444444,"#bd3786"],[0.5555555555555556,"#d8576b"],[0.6666666666666666,"#ed7953"],[0.7777777777777778,"#fb9f3a"],[0.8888888888888888,"#fdca26"],[1.0,"#f0f921"]],"type":"contour"}],"contourcarpet":[{"colorbar":{"outlinewidth":0,"ticks":""},"type":"contourcarpet"}],"heatmap":[{"colorbar":{"outlinewidth":0,"ticks":""},"colorscale":[[0.0,"#0d0887"],[0.1111111111111111,"#46039f"],[0.2222222222222222,"#7201a8"],[0.3333333333333333,"#9c179e"],[0.4444444444444444,"#bd3786"],[0.5555555555555556,"#d8576b"],[0.6666666666666666,"#ed7953"],[0.7777777777777778,"#fb9f3a"],[0.8888888888888888,"#fdca26"],[1.0,"#f0f921"]],"type":"heatmap"}],"heatmapgl":[{"colorbar":{"outlinewidth":0,"ticks":""},"colorscale":[[0.0,"#0d0887"],[0.1111111111111111,"#46039f"],[0.2222222222222222,"#7201a8"],[0.3333333333333333,"#9c179e"],[0.4444444444444444,"#bd3786"],[0.5555555555555556,"#d8576b"],[0.6666666666666666,"#ed7953"],[0.7777777777777778,"#fb9f3a"],[0.8888888888888888,"#fdca26"],[1.0,"#f0f921"]],"type":"heatmapgl"}],"histogram":[{"marker":{"pattern":{"fillmode":"overlay","size":10,"solidity":0.2}},"type":"histogram"}],"histogram2d":[{"colorbar":{"outlinewidth":0,"ticks":""},"colorscale":[[0.0,"#0d0887"],[0.1111111111111111,"#46039f"],[0.2222222222222222,"#7201a8"],[0.3333333333333333,"#9c179e"],[0.4444444444444444,"#bd3786"],[0.5555555555555556,"#d8576b"],[0.6666666666666666,"#ed7953"],[0.7777777777777778,"#fb9f3a"],[0.8888888888888888,"#fdca26"],[1.0,"#f0f921"]],"type":"histogram2d"}],"histogram2dcontour":[{"colorbar":{"outlinewidth":0,"ticks":""},"colorscale":[[0.0,"#0d0887"],[0.1111111111111111,"#46039f"],[0.2222222222222222,"#7201a8"],[0.3333333333333333,"#9c179e"],[0.4444444444444444,"#bd3786"],[0.5555555555555556,"#d8576b"],[0.6666666666666666,"#ed7953"],[0.7777777777777778,"#fb9f3a"],[0.8888888888888888,"#fdca26"],[1.0,"#f0f921"]],"type":"histogram2dcontour"}],"mesh3d":[{"colorbar":{"outlinewidth":0,"ticks":""},"type":"mesh3d"}],"parcoords":[{"line":{"colorbar":{"outlinewidth":0,"ticks":""}},"type":"parcoords"}],"pie":[{"automargin":true,"type":"pie"}],"scatter":[{"marker":{"colorbar":{"outlinewidth":0,"ticks":""}},"type":"scatter"}],"scatter3d":[{"line":{"colorbar":{"outlinewidth":0,"ticks":""}},"marker":{"colorbar":{"outlinewidth":0,"ticks":""}},"type":"scatter3d"}],"scattercarpet":[{"marker":{"colorbar":{"outlinewidth":0,"ticks":""}},"type":"scattercarpet"}],"scattergeo":[{"marker":{"colorbar":{"outlinewidth":0,"ticks":""}},"type":"scattergeo"}],"scattergl":[{"marker":{"colorbar":{"outlinewidth":0,"ticks":""}},"type":"scattergl"}],"scattermapbox":[{"marker":{"colorbar":{"outlinewidth":0,"ticks":""}},"type":"scattermapbox"}],"scatterpolar":[{"marker":{"colorbar":{"outlinewidth":0,"ticks":""}},"type":"scatterpolar"}],"scatterpolargl":[{"marker":{"colorbar":{"outlinewidth":0,"ticks":""}},"type":"scatterpolargl"}],"scatterternary":[{"marker":{"colorbar":{"outlinewidth":0,"ticks":""}},"type":"scatterternary"}],"surface":[{"colorbar":{"outlinewidth":0,"ticks":""},"colorscale":[[0.0,"#0d0887"],[0.1111111111111111,"#46039f"],[0.2222222222222222,"#7201a8"],[0.3333333333333333,"#9c179e"],[0.4444444444444444,"#bd3786"],[0.5555555555555556,"#d8576b"],[0.6666666666666666,"#ed7953"],[0.7777777777777778,"#fb9f3a"],[0.8888888888888888,"#fdca26"],[1.0,"#f0f921"]],"type":"surface"}],"table":[{"cells":{"fill":{"color":"#EBF0F8"},"line":{"color":"white"}},"header":{"fill":{"color":"#C8D4E3"},"line":{"color":"white"}},"type":"table"}]},"layout":{"annotationdefaults":{"arrowcolor":"#2a3f5f","arrowhead":0,"arrowwidth":1},"autotypenumbers":"strict","coloraxis":{"colorbar":{"outlinewidth":0,"ticks":""}},"colorscale":{"diverging":[[0,"#8e0152"],[0.1,"#c51b7d"],[0.2,"#de77ae"],[0.3,"#f1b6da"],[0.4,"#fde0ef"],[0.5,"#f7f7f7"],[0.6,"#e6f5d0"],[0.7,"#b8e186"],[0.8,"#7fbc41"],[0.9,"#4d9221"],[1,"#276419"]],"sequential":[[0.0,"#0d0887"],[0.1111111111111111,"#46039f"],[0.2222222222222222,"#7201a8"],[0.3333333333333333,"#9c179e"],[0.4444444444444444,"#bd3786"],[0.5555555555555556,"#d8576b"],[0.6666666666666666,"#ed7953"],[0.7777777777777778,"#fb9f3a"],[0.8888888888888888,"#fdca26"],[1.0,"#f0f921"]],"sequentialminus":[[0.0,"#0d0887"],[0.1111111111111111,"#46039f"],[0.2222222222222222,"#7201a8"],[0.3333333333333333,"#9c179e"],[0.4444444444444444,"#bd3786"],[0.5555555555555556,"#d8576b"],[0.6666666666666666,"#ed7953"],[0.7777777777777778,"#fb9f3a"],[0.8888888888888888,"#fdca26"],[1.0,"#f0f921"]]},"colorway":["#636efa","#EF553B","#00cc96","#ab63fa","#FFA15A","#19d3f3","#FF6692","#B6E880","#FF97FF","#FECB52"],"font":{"color":"#2a3f5f"},"geo":{"bgcolor":"white","lakecolor":"white","landcolor":"#E5ECF6","showlakes":true,"showland":true,"subunitcolor":"white"},"hoverlabel":{"align":"left"},"hovermode":"closest","mapbox":{"style":"light"},"paper_bgcolor":"white","plot_bgcolor":"#E5ECF6","polar":{"angularaxis":{"gridcolor":"white","linecolor":"white","ticks":""},"bgcolor":"#E5ECF6","radialaxis":{"gridcolor":"white","linecolor":"white","ticks":""}},"scene":{"xaxis":{"backgroundcolor":"#E5ECF6","gridcolor":"white","gridwidth":2,"linecolor":"white","showbackground":true,"ticks":"","zerolinecolor":"white"},"yaxis":{"backgroundcolor":"#E5ECF6","gridcolor":"white","gridwidth":2,"linecolor":"white","showbackground":true,"ticks":"","zerolinecolor":"white"},"zaxis":{"backgroundcolor":"#E5ECF6","gridcolor":"white","gridwidth":2,"linecolor":"white","showbackground":true,"ticks":"","zerolinecolor":"white"}},"shapedefaults":{"line":{"color":"#2a3f5f"}},"ternary":{"aaxis":{"gridcolor":"white","linecolor":"white","ticks":""},"baxis":{"gridcolor":"white","linecolor":"white","ticks":""},"bgcolor":"#E5ECF6","caxis":{"gridcolor":"white","linecolor":"white","ticks":""}},"title":{"x":0.05},"xaxis":{"automargin":true,"gridcolor":"white","linecolor":"white","ticks":"","title":{"standoff":15},"zerolinecolor":"white","zerolinewidth":2},"yaxis":{"automargin":true,"gridcolor":"white","linecolor":"white","ticks":"","title":{"standoff":15},"zerolinecolor":"white","zerolinewidth":2}}},"title":{"text":"Ames Real Estate Data - Correlation Heatmap"}},                        {"responsive": true}                    )                };                            </script>        </div>
</body>
</html>